Chromosome Arm	OVCA97	OVCA44	OVCA3	OVCA4	OVCA5	OVCA6	OVCA13	OVCA43	OVCA33	OVCA34	OVCA9	OVCA35	OVCA36	OVCA11	OVCA45	OVCA46	OVCA47	OVCA15	OVCA17	OVCA18	OVCA37	OVCA48	OVCA50	OVCA51	OVCA52	OVCA19	OVCA22	OVCA23	OVCA27	OVCA29	OVCA38	OVCA30	OVCA53	OVCA54	OVCA31	OVCA32	OVCA39	OVCA2	OVCA14	OVCA40	OVCA41	OVCA42	OVCA56	OVCA57	OVCA58	OVCA59	OVCA60	OVCA61	OVCA62	OVCA63	OVCA64	OVCA65	OVCA67	OVCA68	OVCA69	OVCA70	OVCA71	OVCA73	OVCA74	OVCA75	OVCA76	OVCA77	OVCA78	OVCA79	OVCA80	OVCA81	OVCA82	OVCA83	OVCA84	OVCA85	OVCA86	OVCA87	OVCA88	OVCA89	OVCA90	OVCA91	OVCA92	OVCA93	OVCA94	OVCA95	OVCA96	OVCA98	OVCA99	OVCA100	OVCA101	OVCA103	OVCA104	OVCA105	OVCA106	OVCA107	OVCA108	OVCA109	OVCA110	OVCA113	OVCA114	OVCA115	OVCA116	OVCA118	OVCA119	OVCA120	OVCA121	OVCA122	OVCA123	OVCA124	OVCA125	OVCA126	OVCA128	OVCA129	OVCA24	OVCA55	OVCA66	OVCA72	OVCA102	OVCA111	OVCA112	OVCA127	OVCA268
1p	0	0	0	0	0	0	0	0	0	-0.091	0	0	0	0	0	0.258	0	0	0	0	0	0	0	0	0	0	0	0	0	0	0	0	0.123	0	0.328	0	0	0	0	0	0	0	0	0	-0.312	0	-0.512	0	0	0	0	0	0	0	0.76	0	0	0	0	0	0.324	0.701	0	0	0.475	0.434	0	0	0	0	0	-0.315	0	0	0	0.182	0	0	0	0	0	0	0	0	0	0	0.639	0	0	0	0	0	0	0	0	0.423	0.325	0.822	0	0	0	0	0.504	-0.373	0	0	0	0	0	0	0	0	0	0	0	0	0
1q	0	0	0	-0.44	0	0	0	0	0	0.419	0	0	0	0	0	0.591	0	0	0.921	0	0	0	0	0	0	0	0	0	0	0	0	0	0.462	0	0.328	0	0	0	0	0	0	0	0	0	-0.312	0	0	0	0	0	0	0	0	0	0.76	0	0	0	0	0	0	0.701	0	0	0.475	0.434	0	0	0	0	0	0	0	0	0	0.51	0	0	0	0	0	0	0	0	0	0	0.639	0	0	0	0	0	0	0	0	0.423	0.325	0.822	0	0	0	0	0.504	-0.373	0	0	0	0	0	0	0	0	0	0	0	0	0
2p	0	0	0	0	0	0	0.59	0	-0.386	0	0	0	0	0	0	-0.337	0.378	-0.313	0	0	0	0	0	0	0	0.54	0	0	0.716	0	0	0	0.421	0	0.168	0.68	0	0	0	0	0.261	-0.387	0	0	0	0	0	0	0	0	0	0	0.251	0.261	0	0	0	0	0	0	0	0	0	0.531	0	0	0	0	0	0	0	0	0	0	0	1.757	0	0.357	0	0	0	0	0	0	0	0	0.449	0	0	0	0	0	0	0	0	0.398	0	2.713	0	0	0.716	0	0	-0.37	0	0	0	0	0	0	0	0	0	0	0	0	0
2q	0	0	0	0	0	0	0.59	0	-0.386	0	0	0	0	0	0	-0.337	0.378	-0.313	0	0	0	0	0	0	0	0	0	0	0.394	0	0	0	0.421	0	-0.282	0.364	0	0	0	0	0	-0.387	0	0	0	0	0	0	0	0	0	0	0	0.261	0	0	0	0	0	0	0	0	0	0.531	0	0	0	0	0	0	0	-0.302	0	0	0	1.394	0	-0.07	0	0	0	0	0	0	0	0	0.449	0	0	0	0	0	0	0	0	0.398	0	2.713	0	0	0.716	0	0	-0.37	0	0	0	0	0	0	0	0	0	0	0	0	0
3p	0	0	0	0.424	0	0	0	0	0.368	0.51	0.86	-0.301	0	0	0	0.932	0	0	0.478	0	0	0	0	0	0.852	0.928	0	0	0.114	0	0	0	0	0	0.43	0	0	0	0	-0.721	0	0.435	0	0.283	0.407	0	-0.502	0	0	0	0	0	0	0	0.326	0	0	0	0	1.198	-0.432	0	0	0.072	0.475	0	0	0.651	0.82	0	0	0	0.858	0	0	0	0	0.388	0	0	0	-0.254	0	0	0	0.701	0.86	0	0	0	0.424	0	-0.606	0	0	0.894	0	0	0	0	0.734	0	0	0.446	0.306	0	0	0	0	0	0	0	0	0	0	0	0
3q	0	0	0	0.424	0	0	0	0.841	0.368	0.51	0.86	0	0	0	0	0.932	0	0	0.478	0	0	0	0	0	0.852	0.928	0	0	0.403	0	0	0	0	0	0.757	0.722	0	0	0	0	0	0.435	0	0.283	0.407	0	3.657	0	0	0	0	0	0	0	0.326	0	0	0	0	0.881	-0.432	0	0	0.558	0.475	0	0	0.651	0.82	0	0	0	0.858	0	0	0	0	0.388	0	0	0	0	0	0	0	1.038	0.466	0	0	0	0.424	0	0	0	0	0.894	0	0	0	0	0.734	0	0	0.446	0.306	0	0	0	0	0	0	0	0	0	0	0	0
4p	0	0	0	0	0	0	0	0	-0.373	0	0	0	0	0	0	-0.373	-0.336	0	-0.529	0	0	0	0	0	-0.58	0	0	0	0	0	0	0	-0.412	0	-0.333	-0.293	0	-0.388	0	0	0	-0.378	0	0	-0.353	0	-0.492	0	0	0	0	0	0	0	0	0	0	0	0	0	-0.798	0	0	-0.339	0.124	0	0	-0.649	0	0	0	-0.325	0	-0.337	0	0.293	0	-0.43	-0.684	0	0	0	0	0	0	-0.28	0	0	0	0	0	0	0	0	0	0	0	-0.313	0	0	0	0	-0.27	0	-0.617	0	-0.328	0	0	0	0	0	0	0	0	-0.274	0
4q	0	0	0	0	0	0	0	0	0	0	0	0	0	0	0	-0.373	-0.336	0	-0.529	0	0	0	0	0	-0.58	0	0	0	0	0	0	0	-0.857	0	-0.333	-0.758	0	-0.388	0	0	0	-0.378	0	0	-0.353	0	-0.492	0	0	0	0	0	0	0	0	0	0	0	0	0	0	0	0	-0.339	-0.423	0	0	0	0	0	0	-0.325	0	0	0	-0.791	0	0	-0.684	0	0	0	0	0	0	-0.28	0	0	0	0	0	0	0	0	0	0	0	-0.313	0	0	0	0	-0.27	-0.269	-0.617	0	0	0	0	0	0	0	0	0	0	0	0
5p	0	0	0	-0.324	0	0	0	0	0	0	0	0	0	0	0	-0.253	0	0	0	0	0	0	0	0	-0.265	0	0	0	0	0	0	0	0	0	0.383	-0.721	0	0	0	0	0	0.939	0	0	0.095	0	1.215	0	0	0	0	0	0	0	0	0	0.266	0	0	0	0.894	0	0	0.416	0	0	0	0	-0.264	0	0	0	0	0	0	1.419	0	-0.4	-0.698	0	0	0	0	0	0	0	0.748	0	0	0	0	0	0	0	0	0	0.252	0	0	0.447	0.747	0	0	1.112	0.319	0	0	0	0	0	0	0	0	0	0	0	0
5q	0	0	0	-0.324	0	0	0	0	0	0	0	0	0	0	0	-0.253	0	0	0	0	0	0	0	0	-0.265	0	0	0	0	0	0	0	0	0	-0.302	-0.721	0	0	0	0	0	0	0	0	-0.378	0	0	0	0	0	0	0	0	0	0	0	0	0	0	0	0.286	0	0	0	0	0	0	0	-0.264	0	0	0	0	0	0	0	0	-0.4	-0.698	0	0	0	0	0	0	0	0.375	0	0	0	0	0	0	0	0	0	0.252	0	0	0	0.747	0	0	-0.328	0	0	0	0	0	0	0	0	0	0	0	0	0
6p	0	0	0	0	0	0	0	0	-0.403	-0.505	0	0	0	0	0	0.962	0	0	1.057	0	0	0	0	0	-0.567	0.579	0	0	1.018	-0.286	0	0	0	0	0	0	0	0	0	-0.3	0	0	0	0.325	0	0	0	0	0	0	0	0	0	0	0	-0.303	0	0	0	0	0	0	0	0	0	0	0	0	0	0	0	0	0	0.305	0	0	0	0	0	0	0	0	0	0	0	-0.304	0.461	0	0	0	0	0	0	0	0	-0.437	0	-0.31	0	0	0.706	0	0	0	-0.335	0	-0.289	0	0	0	0	0	0	0	0	0	0
6q	0	0	0	0	0	0	0	0	-0.403	-0.505	0	0	0	0	0	-0.832	0	0	0	0	0	0	0	0	-0.567	0	0	0	0.322	0	0	0	0	0	0	0	0	0	0	-0.3	0	0	0	0.325	0	0	-0.516	0	0	0	0	0	0	0	0	-0.303	0	0	0	0	0	0	0	0	0	0	-0.274	0	0	0	0	0	0	0.305	0	-0.824	0	0	0	0	0	0	0	0	0	-0.304	0	0	0	0	0	0	0	0	0	-0.437	0	-0.31	0	0	0.706	0	0	0	-0.62	0	-0.289	0	0	0	0	0	0	0	0	0	0
7p	0	0	0	0	0.874	0	0	0	0	0	0	-0.283	0	0	0	0.5	0	0	0	0	0.619	0	0	0	0.823	0.502	0	0	0.813	0	0	0	0	0	0.373	1.199	0	0	0	0	0	0	0	0.284	0	0	1.952	0	0	0	0	0	0	0	0	0	0	0	0	0	0	0	0	0.406	0	0	0	0	0	0	0	0	0	0	0	0	0	-0.064	0	0	0	0	0	0	0	0	0	0	0	0	0	0.789	0	0	0	0	0	0.445	0	0	0	0	0	0	0	0	0.274	0	0	0	0	0	0	0	0	0.323	0
7q	0	0	0	0	0.874	0	-0.903	0	-0.368	0	0	-0.283	0	0	0	0.5	0	0	0	0	0.619	0	0	0	0.823	0	0	0	0.338	0	0	0	0	0	0.373	1.199	0	-0.369	0	0	0	0	0	0.284	0	0	0.64	0	0	0	0	0	0	0	0	0	0	0	0	0	0	0	0	0.406	0	0	0	0	0	0	0	0	0	-0.602	0	0	0	-0.421	0	0	0	0	0	0	0	0	0	0	0	0	0	0.789	0	0	0	0	0	0.445	0	-0.427	0	0	0	0	0	0	0.274	0	0	0	0	0	0	0	0	-0.399	0
8p	0	0.666	0	1.701	0.677	0	0.028	0	0.884	0.415	1.26	0.272	0	-0.792	0	0.898	0	0	0.384	0.325	0.61	0	0	0	0.625	0.472	0.684	0	-0.671	0.274	0.535	-0.036	2	0.776	0	0	0	-0.432	0.576	0.739	0	0.743	0.684	3.657	0	0.282	0.127	0.094	0	0	0	0	-0.808	0.068	0.809	0.633	0	0	0	-0.967	0.273	0.702	0	0	0.525	0.478	0.868	0.62	1.566	-0.041	0	0.572	0.88	-0.288	0.704	-0.302	0	0.686	0.032	1.236	0.877	0.372	0.878	0.784	0.479	0.841	2.414	0	0	0	1.853	0.079	-0.621	0	0	0.852	0.621	0.57	0.755	0.447	0	0	0	1.339	0.896	-0.318	0.632	0	0	0.885	0	0	0	0	0	0	0
8q	0	0.666	0	1.701	0.677	0	0.938	0	1.283	0.415	1.619	0.272	0	0	0	1.688	0	0	0.384	0.325	0.61	0	0	0	0.625	0.472	1.994	0	0.434	0.274	0.535	0.759	2	0.776	0	0	0	0	0.576	1.455	0	0.743	0.684	3.657	0	0.282	1.234	0.484	0	0	0	0	0.31	0.351	1.131	0.633	0	0	0	3.657	0.527	0.702	0	0	0.525	0.478	0.868	0.62	1.566	0.865	0	0.572	0	0.343	0.704	0.527	0	0.686	0.754	1.236	0.877	0.792	0.878	0.784	0.479	1.532	2.414	0	0	0	2.763	0.445	0	0	0	0.852	0.621	0.946	1.559	0.447	0	0	0	2.201	0.896	0	0.632	0	0	0.885	0	0	0	0	0	0	0
9p	0	0	0	0	0	0	0	0	-0.374	0.009	0	-0.301	0	0	0	-0.376	0	0	-0.494	0	0	0	0	0	-0.33	0	0	0	0	0	0	0	-0.401	-0.767	-0.593	-0.362	0	-0.427	-0.137	-0.681	0	-0.449	0.762	0	-0.352	0	-0.507	0	0	0	0	0	0	-0.283	-0.387	-0.318	0	0	0	0	0.322	0	0	0	0.538	0	0	0	0.471	0	0	-0.325	0	0	0	0	0	0	-0.693	0	0	0	0.95	0	0	-0.288	-0.054	0	0	0	0	0	-0.569	0	0	0	0	0	0	0	-0.042	0	0	-0.395	0.454	-0.288	0	0	0	0	0	0	-0.321	0	0	-0.398	0
9q	0	-0.733	0	-0.868	0	0	0	0	-0.374	-0.49	0	-0.301	0	0	0	-0.376	0	0	-0.494	0	0	0	0	0	-0.33	-0.533	0	0	-0.334	0	0	0	-0.401	-0.767	-0.273	0.322	0	-0.427	-0.753	-0.681	0	-0.449	0	0	-0.352	0	-0.507	0	0	0	0	0	0	-0.283	-0.387	-0.318	0	0	-0.762	0	-0.139	0	0	0	0.538	0	0	0	0.052	0	0	-0.657	0	-0.603	0	0	0	0	-0.693	0	-0.805	0	0.113	0	0	-0.288	-0.53	0	0	0	0	0	-0.569	0	0	-0.904	0	0	0	0	-0.821	0	0	-0.395	-0.163	-0.288	0	0	0	0	0	0	-0.321	0	0	-0.398	0
10p	0	-0.75	0	0	0	0	0	0	0.154	0	0	0	0	-0.024	0	-0.562	0	0.373	0.463	0	0	0	0	0	0.697	0.506	0	0	0	0	0	0	-0.88	0	0.372	2.29	0	0	0	-0.274	0	0	0	0.74	0	0	-0.497	0	0	0	0	0	-0.163	0	0	0	0	0	0	0.454	0	0	0	0	0	0	0	0	0	0	0	0	0	0	0	0	0	0	0	0.004	0	0	0	0	0	-0.661	0.931	0	0	0	0	0	0	0	0	0.418	0.311	-0.383	0	0	0	0	0	0.43	0.375	0	0	0	0	0	0	0	0	0	0	0	0
10q	0	0	0	0	0	0	0	0	0.516	0	0	0	0	0.826	0	0	0	0.373	0.463	0	0	0	0	0	0.697	0.506	0	0	0	0	0	0	-0.88	0	0	0	0	0	0	-0.274	0	0	0	0.74	0	0	-0.497	0	0	0	0	0	0.33	0	0	0	0	0	0	0.454	0	0	0	0	0	0	0	0	0	0	0	0	0	0	0	0	0	0	0	0.65	0	0	0	0	0	0	0.931	0	0	0	0	0	0	0	0	0.418	0	-0.383	0	-0.413	0	0	0	0	0.375	0	0	0	0	0	0	0	0	0	0	0	0
11p	0	0	0	0	0.853	0	0	0	0	-0.501	0	0	0	0	0	-0.376	0	0	0	0	0	0	0	0	-0.316	0	0	0	-0.318	0	0	0	-0.329	0	-0.295	0.338	0	0	0	-0.665	0	0	0	0	-0.373	0	-0.506	0	0	0	0	0	0	0	0	0	0	0	0	0	0.046	-0.705	0	0	-0.597	0	0	0	0	0	0	0	0	-0.268	0	-0.838	0	0	-0.669	0	0	0	0	0	0	-0.295	0	0	0	0	0	0	0	0	0	0	0	-0.411	-0.786	0	0	0	0	-0.38	0	-0.321	0	0	0	0	0	0	0	0	0	0	0
11q	0	0	0	0	0.853	0	0	0	0	-0.501	0	0	0	0	0	-0.376	0	0	0	0	0	0	0	0	-0.316	0	0	0	-0.318	-0.291	0	0	-0.329	0	-0.295	0.338	0	0	0	-0.665	0	0	0	0	-0.373	0	-0.506	0	0	0	0	0	-0.343	0	0	0	0	0	0	0	-0.467	-0.705	0	0	-0.597	0	0	0	0	0	0	0	0	-0.268	0	-0.838	0	-0.413	-0.669	0	0	0	0	0	0	-0.295	0	0	0	0	0	0	-0.602	0	0	0	0	-0.411	-0.786	0	0	0	0	-0.38	0	-0.321	0	0	0	0	0	0	0	0	0	0	0
12p	0	0	0	0	0	0	0	0	0	-0.508	0	0	0	0	0	0	0.086	0	0.963	0.296	0	0	0	0	0	1.484	0	0	0.381	0	0	0	0.939	0	0.356	1.72	0	0	0	0	0	0	0	0	0	0	0	0	0	0	0	0	0.372	0	0.426	0	0	0	0	0	-0.428	0.763	0	0	0.562	0	0	0	-0.697	0	0	0	0	0	0	0	0	0	0	0	0	0	0	0	0	0	0.478	0	0	0	0	0	0	0	0	0	0	-0.437	0	0	0.686	0	0	1.882	0.344	0.108	0	0	0	0	0	0	0	0	0	0	0
12q	0	0	0	0	0	0	0	0	0	-0.508	0	0	0	0	0	0	0.396	0	0.963	0.296	0	0	0	0	0	1.484	0	0	0.381	0	0	0	0.301	0	0.627	-0.674	0	0	0	0	0	0	0	0	0	0	-0.496	0	0	0	0	0	0.372	-0.293	0	0	0	0	0	0	0	0.763	0	0	0.562	0	0	0	0.23	0	0	0	0	0	0	0	0	0	0	0	0	0	0	0	0	0	0.478	0	0	0	0	0	-0.615	0	0	0	0	0	0	0	0.686	0	0	-0.392	0.344	0.439	0	0	0	0	0	0	0	0	0	0	0
13q	0	0	0	-0.402	0	0	0	0	-0.801	0.549	0	0	0	-0.317	0	-0.371	0	-0.387	-0.536	0	0	0	0	0	0	-0.566	-0.765	0	-0.372	-0.272	0	1.613	-0.831	0	0	0	0	0	0	-0.348	0	0	0	0.331	-0.304	-0.3	-0.493	0	0	0	0	0	0	-0.269	0	0	0	0	0	0	-0.717	-0.708	0	0	0	0	0	-0.7	-0.679	0	0	-0.343	0	0	0	0	0	-0.407	0	-0.599	0	0	0	0	0	-0.282	-0.579	0	0	0	0	0	0	0	0	0	0	0	0	0	0	0	0	-0.369	-0.634	0	-0.266	0	0	0	0	0	0	0	0	0	0
14q	0	0	0	0	0	0	0	0	0	0	0	0	0	0	0	0.422	0	0	0	0	0	0	0	0	0	0	0	0	0.392	0	0	0	0	0	0	0.718	0	0	0	0	0	0	0	0	-0.344	0	0	0	0	0	0	0	0	0	0	0	0	0	0	0	0	0	0	0.308	0.637	0	0	0	0	0	0	-0.29	0	0	0	0	0	0	0	0	0	0	0	0	0	-0.295	0	0	0	0	0	0	0	0	0	0.85	0	0	0	0	0.767	0	0	0	-0.466	0	0	0	0	0	0	0	0	0	0	0	0
15q	0	0	0	0	0	0	0	0	-0.405	-0.501	0	0	0	-0.834	0	0.274	-0.701	-0.41	0	0	0.64	0	0	0	-0.274	0	0	0	0	0	0	0	-0.322	0	0	0	0	0	0	0	0	0	0	0	-0.739	-0.274	0	0	0	0	0	0	0	0	0	-0.324	0	0	0	0	-0.511	0	0	-0.542	-0.58	0	0	0	-0.695	0	0	0	0	0	0	0	0	0	0	0	0	-0.538	0	0	0	-0.302	0	0	0	0	0	0	0	0	0	0	0	-0.453	0	0	0	0	0	0.465	0	0	0	0	0	0	0	0	-0.294	0	0	-0.37	0
16p	0	0	0	0	0	0	0	0	0	0.479	0	0	0	0	0	0	0	0	0.487	0.286	0	-0.783	0	0	-0.304	0.998	0	0	0	0	0	0	0	0	0	-0.25	0	0	0	0	0	0	0	0.346	0	0	0.634	0	0	0	0	0	0	0	0	0	0	0	0	0	-0.474	0	0	-0.53	0	0	0	0	0	0	0	0.337	0	0	0	-0.318	0	-0.846	-0.679	0	0	0	0	0	0	0	0	0	0	0	0	0	0	0	0	0	0	-0.446	0	0	0	0	0	0	0	0	-0.294	0	0	0	0	0	0	0	0	0	0
16q	0	0	0	0	0	-0.675	0	0	-0.359	0.479	0	0	0	0	0	0	0	0	-0.03	0	0	-0.783	0	0	0	0.433	0	0	0	-0.267	0	0	0	0	-0.259	-0.637	0	0	0	0	0	0	0	0.346	0	-0.298	0.151	0	0	0	0	0	0	0	0	0	0	0	0	0	-0.474	0	0	-0.53	-0.463	0	0	0	0	0	0	-0.306	0	0	0	-0.318	0	-0.846	-0.679	0	-0.849	0	0	0	0	0	0	0	0	0	0	0.476	-0.626	0	0	0	-0.505	-0.85	0	0	0	0	0	0	0	0	-0.294	0	0	0	0	0	0	0	0	0	0
17p	0	0	0	0	0	0	0	0	0.482	0	0	0	0	0	0	0.402	0	-0.112	-0.501	0	0	0	0	0	0.516	0.998	0	0	0	0	0	0.722	0.508	0	0.358	0	0	-0.078	0	0.464	0	0	0	0	-0.253	0	0.169	0	0	0	0	0	0	0	0	0.011	0	0	0	0	-0.567	0	0	0	0.634	0.482	0	0	0	0	0	0	0	0.466	0.428	-0.372	0	-0.043	0	0	0.866	0	0	0	0	0	0.147	0	0	0	0	0	0	0	0	0	0	-0.287	0	0.502	-0.058	0	0	0	0.309	0	0.265	0.891	0	0	0	0	0	0	0	0.155	0
17q	0	0	0	0	0	0	0	0	0.482	0	0	0	0	0	0	0.402	0	0.716	0	0	0	0	0	0	0.516	1.599	0	0	0	0	0	0.722	1.314	0	0.649	0	0	0.334	0	1.13	0	0	0	0	-0.253	0	0.66	0	0	0	0	0	0	0	0	0.313	0	0	0	0	0	0	0	0	-0.545	0.482	0	0	0	0	0	0	0	0.466	0.428	-0.372	0	0.356	0	0	0.866	0	0	0	0	0	0.554	0.484	0	0	0	0	0	0	0	0	0	0	0	0.502	0.738	0	0	0	0.309	0	0.265	0.891	0	0	0	0	0	0	0	0.548	0
18p	0	0	0	0	0.788	0	-0.91	0	-0.328	0	-0.821	-0.285	0	0	0	0.591	0	0	-0.512	0	-0.605	0	0	0	0	0	0	0	0	0	0	0	1.68	0	0.271	0	0	0	-0.121	-0.297	0	0	0	0	0	0	-0.488	0	0	0	0	0	0	0.294	0	0	0	0	0	0	0.73	-0.694	0	-0.443	0	0	0	0	0	-0.924	0	0	0	0.258	0	0	0	0	0.387	0	0	0	0	0	0	0.451	-0.927	0	0	0	0	0	1.295	0	0	-0.929	0	0.415	0	0	0	0	0	-0.836	0	0	0	0	0	0	0	0	0	0	0	0	0
18q	0	0	0	0	0.788	0	-0.91	0	-0.812	0	-0.821	-0.285	0	0	0	0.591	0	0	-0.512	0	-0.605	0	0	0	0	0	0	0	-0.302	0	0	-0.763	0.018	-0.754	0	0	0	0	-0.101	-0.696	0	0	0	0	0	0	-0.488	0	0	0	0	0	0	0	0	0	0	0	0	0	0.73	-0.694	0	-0.443	0	0	0	0	0	-0.924	0	0	0	-0.319	0	0	0	-0.405	-0.291	0	0	0	0	0	0	-0.199	-0.927	0	0	0	0	0	0	0	0	-0.929	0	0.415	0	0	0	0	0	-0.836	0	0	0	0	0	0	0	0	0	0	0	0	0
19p	0	0	0	0	0	0	0.048	0	-0.362	0	0	0.397	0	0	0	0	0	0	0	0	0	0	0	0	0	0.514	0	0	0.046	0	0	0	0	0	0	0.817	0	0	0	-0.27	0	0	0	0	-0.734	0	-0.483	0	0	0	0	0	0	0	0	-0.285	0	0	0.735	0.383	0	-0.012	0	0	0.577	0	0	0	0	0	0	0	0	0.094	0	-0.398	0	-0.179	-0.57	0	0	0	0	0.306	0	0.707	0	0	0	0	0	0	0	0	0	0	0	1.012	0	0	0	0	0.944	-0.818	-0.371	0	-0.258	0	0	0	0	0	0	0	0	-0.361	0
19q	0	0	0	0	0	0	0.893	0	0	0	0	0.397	0	0	0	0	0	0	0	0	0	0	0	0	0	0.514	0	0	0.38	0	0	0	0	0	0	-0.29	0	0	0	-0.27	0	-0.429	0	0	0	0	0	0	0	0	0	0	0	0	0	0	0	0	0.735	0.383	0	0.689	0	0	0.577	0	0	0	0	0	0	0	0	0.451	0	0	0	0.647	0	0	0	0	0	0.306	0	0.707	0	0	0	0	0	0	-0.577	0	0	0	0	1.012	0	0	0	0	0.944	-0.375	0	0	-0.258	0	0	0	0	0	0	0	0	0.329	0
20p	0	1.42	0	0.441	0	0	0	0	0	0.464	0.075	0	0	0	0	-0.374	0	0.867	0.481	0	0.655	0	0	0	0.362	1.066	0	0	1.679	0	0	0	0.353	0	0.38	1.624	0	0.392	0.69	0	0	0.484	0	0.354	0.716	0	0	0.406	0	0	0	0	0.655	0	0.4	0.01	0	0	0	0	0.424	0.695	0	0.619	1.064	0	0	0	1.242	-0.084	0	-0.021	0	0	0	2.004	0	0.391	0.699	0.653	0	0	0.822	0.56	0	0	0.865	0	0	0	2.597	0	0	0	0.723	0.9	0	1.36	0.655	0	0.69	0	0.508	0.883	0.309	0	0.359	0.865	0	0	0	0	0	0	0	0	0
20q	0	0.504	0	0.441	0	0	0	0	0	0.464	0.862	0	0	0	0	0	0	0.867	0.481	0	0.655	0	0	0	0.362	1.066	0	0	1.679	0	0	0	0.918	0	0.38	0.744	0	0.392	0.69	0	0	0.484	0	0.354	0.716	0	0	0.406	0	0	0	0	0.655	0	0.4	0.608	0	0	0	0	0.424	0.695	0	0.619	1.064	0	0	0	1.242	0.861	0	-0.322	0	0	0	2.004	0	1.69	0.699	0.653	0	0	0	0.56	0	0	1.415	0	0	0	2.597	0	0	0	0.723	0.9	0	0	0.655	0	0.69	0	0.508	0.883	0.309	0	0.359	0.865	0	0	0	0	0	0	0	0	0
21p	0	0	0	0	0	0	0	0.565	-0.404	0	0	0	0	1.648	0	0	0	0	1.012	0	0	0	0	0	0	1.018	0	0	1.765	0	0	0	2.395	0	-0.294	0	0	0	0	0	0	0	0.672	0.319	1.165	0.259	0	0	0	-0.449	0	0	-0.33	0	0	0.253	-0.33	0	0	0.541	0.517	-0.314	0	0.514	0.503	0	0	0	0	0	0	-0.292	0	0	0	0	0	0.778	-0.656	0	-0.254	-0.445	0.852	0	0	-0.252	0.441	0	0	0	0	0	0	0	0	0	0	0.401	-0.534	0	0	0	0.299	0	0	0	0	0	0	0.975	0	0	0.308	0.474	0.252	0	0
21q	0	0	0	0	0	0	0	0.565	0	0	0	0	0	1.648	0	0	0	0	1.012	0	0	0	0	0	0	1.018	0	0	1.765	0	0	0	2.395	0	-0.294	-0.605	0	0	0	0	0	0	0.672	0.319	1.165	0	-0.362	0	0	0	0	0	-0.33	0	0	0	0	0	0	0.541	0.517	-0.314	0	1.301	0.503	0	0	0	0	0	0	0	0	0	0	0	0	0.778	-0.656	0	0	0	0.852	0	0	0	0.441	0	0	0	0	0	0	0	0	-0.919	0	0.401	0	0	0	0	0.299	0	0	0	0	0	0	0.975	0	0	0	0	0	0	0
22p	0	0	0	0	0	0	0	0.286	-0.403	0	0	-0.253	0	0	0	0.685	0	0	0	0	0	0	0	0	0.699	0.508	0	0	0.713	0	0	0	0.8	0	0.682	-0.667	0	0	0	0	0.316	0	0	0.753	0	0	0.713	0	0	0	0	0	0	0	0.712	0	0	0	0	0.483	0.385	0	0	0.932	1.164	0	0	0	0	0	0	-0.302	0	0	0	0.964	0	0	0	0	0	0	0	0	0	0	0.437	0	0	0	0	0	0	0	0.384	0	0	-0.424	0.743	0	0.706	0	0	0.88	0	0.752	-0.59	0	0	0	0	0.341	0	0	0	0.265	0
22q	0	0	0	0	0	0	0	0	-0.403	0	0	0	0	0	0	0	0	0	0	0	0	0	0	0	0.699	0.508	0	0	0.713	0	0	0	0.8	0	0.682	-0.667	0	0	0	0	0	0	0	0.753	0	0	0.713	0	0	0	0	0	0	0	0.712	0	0	0	0	0.483	0.385	0	0	0.932	1.164	0	0	0	0	0	0	-0.302	0	0	0	0.964	0	0	0	0	0	0	0	0	0	0	0.437	0	0	0	0	0	0	0	0.384	0	0	-0.424	0.743	0	0.706	0	0	0.88	0	0.752	0	0	0	0	0	0	0	0	0	0.265	0
Xp	0	0	0	0	0.889	0	0	0	-0.392	0.504	0	0	0	0	0	0	0	-0.855	0.453	0	0	0	0	0	-0.397	0.527	-0.756	0	-0.354	0	0	0	-0.862	0	-0.3	-0.324	0	0	0	-0.717	0	0	0	0.303	-0.623	0	-1.121	0	0	0	0	0	0	0	0	0	0	0	0	-0.651	-0.461	-0.747	0	-0.69	0.544	0	0	0	-0.405	-0.927	0	0	0	0	0	-0.845	0	0	0	-0.681	0	0	0	0	0	0	0	0	0	0	0	0	0	0	0	0	0	0	0	0	0	0	0	-0.389	-0.438	0	0	0	0	0	0	0	0	0	0	0	0
Xq	0	0	0	0	0.889	0	0	0	-0.392	0.504	0	0	0	0	0	0	0	-0.855	0.453	0	0	0	0	0	-0.397	0.527	0	0	-0.354	0	0	0	-0.862	0	-0.3	-0.324	0	0	0	-0.717	0	0	0	0.303	-0.623	0	-0.528	0	0	0	0	0	0	0	0	0	0	0	0	-0.651	-0.461	-0.747	0	-0.428	0.544	0	0	0	-0.744	-0.927	0	0	0	0	0	-0.845	0	0	0	-0.681	0	0	0	0	0	0	0	0	0	0	0	0	0	0	0	0	0	0	0	0	0	0	0	-0.389	-0.438	0	0	0	0	0	0	0	0	0	0	0	0
